[background1.jpg]
filters=crop64=1,9f5ffffe986;
crop=rect64(9f5ffffe986)
moddate=364931be0c49cf01
width=506
height=900
textactive=0
[team.jpg]
filters=crop64=1,11301fa4e6abd089;
crop=rect64(11301fa4e6abd089)
moddate=14488b94f84bcf01
width=283
height=178
textactive=0
[setting.jpg]
moddate=5148733cfa4bcf01
width=251
height=201
text=2;128;8;SETTINGS;Arial;0.127096,0.435290,0.191837,6.283185;v1,4278190080,4278190080,128.000000,1.000000,0.000000,1.000000,700,0,49152;;132;1;&#010;;Times New Roman;0.752988,-0.084577,0.166667,0.000000;v1,4278190080,4278190080,128.000000,1.000000,0.000000,1.000000,700,0,49152;;
textactive=1
[game.jpg]
moddate=a54ea153fa4bcf01
width=204
height=204
text=1;124;4;GAME;Arial;0.337341,0.248954,0.151627,6.283185;v1,4294967295,4278190080,128.000000,1.000000,0.000000,1.000000,700,0,49152;;
textactive=1
